cnt:70728;
-924;
1081;
7443;
cnt:70729;
1064;
-810;
4009;
cnt:70730;
412;
-262;
-5524;
cnt:70731;
-670;
-1405;
-8278;
cnt:70732;
-908;
35;
7459;
cnt:70733;
3778;
-3336;
11365;
cnt:70734;
-658;
-1349;
-3604;
cnt:70735;
-4752;
-2282;
-15448;
cnt:70736;
-1474;
-161;
-3830;
cnt:70737;
700;
1245;
6573;
cnt:70738;
5888;
-4030;
11969;
cnt:70739;
-1114;
212;
-2049;
cnt:70740;
-1098;
-754;
-3751;
cnt:70741;
-4838;
-126;
-8192;
cnt:70742;
-1984;
-1278;
-6848;
cnt:70743;
-52;
949;
5838;
cnt:70744;
4728;
1950;
13904;
cnt:70745;
1450;
-976;
-445;
cnt:70746;
-4108;
-3018;
-8016;
cnt:70747;
-1718;
-2228;
-7001;
cnt:70748;
-998;
-661;
-2984;
cnt:70749;
100;
296;
370;
cnt:70750;
-50;
840;
3215;
cnt:70751;
210;
327;
-343;
cnt:70752;
206;
422;
-67;
cnt:70753;
-120;
136;
225;
cnt:70754;
-200;
160;
1159;
cnt:70755;
772;
1105;
4403;
cnt:70756;
2486;
2077;
8687;
cnt:70757;
718;
738;
2738;
cnt:70758;
-2588;
-2222;
-13302;
cnt:70759;
-1564;
-1258;
-6700;
cnt:70760;
878;
209;
7778;
cnt:70761;
3146;
607;
14287;
cnt:70762;
-36;
325;
-2097;
cnt:70763;
-2050;
-3307;
-12828;
cnt:70764;
-2122;
-2068;
-6056;
cnt:70765;
338;
1722;
6077;
cnt:70766;
3540;
1576;
14738;
cnt:70767;
428;
-118;
-72;
cnt:70768;
-2248;
-2952;
-10706;
cnt:70769;
-2844;
-2994;
-10573;
cnt:70770;
-456;
83;
359;
cnt:70771;
1136;
1060;
9756;
cnt:70772;
3788;
788;
11684;
cnt:70773;
-1608;
252;
-3762;
cnt:70774;
-4402;
-4022;
-11960;
cnt:70775;
-828;
-1177;
-1120;
cnt:70776;
1390;
2252;
7452;
cnt:70777;
5674;
935;
8821;
cnt:70778;
1390;
-197;
-309;
cnt:70779;
-2218;
-3255;
-13829;
cnt:70780;
-650;
-2399;
-3265;
cnt:70781;
32;
1044;
11168;
cnt:70782;
3622;
556;
8807;
cnt:70783;
-3366;
-66;
-4862;
cnt:70784;
-4086;
-3271;
-14088;
cnt:70785;
-96;
1620;
1676;
cnt:70786;
3566;
1278;
13153;
cnt:70787;
3116;
-1653;
4371;
cnt:70788;
-4076;
-997;
-15508;
cnt:70789;
-1674;
-642;
-4704;
cnt:70790;
2364;
-106;
14356;
cnt:70791;
2908;
-275;
2692;
cnt:70792;
-7348;
-3531;
-14127;
cnt:70793;
5756;
1361;
13847;
cnt:70794;
-1406;
-754;
-7042;
cnt:70795;
-1228;
-1670;
2437;
cnt:70796;
754;
-385;
-3182;
cnt:70797;
-710;
-1394;
-322;
cnt:70798;
3592;
-395;
5739;
cnt:70799;
-2670;
-710;
-5700;
cnt:70800;
-3068;
-1019;
-6759;
cnt:70801;
1760;
2402;
8204;
cnt:70802;
4264;
1888;
8736;
cnt:70803;
-4272;
-1371;
-8181;
cnt:70804;
-4392;
-2924;
-10200;
cnt:70805;
1654;
1592;
7850;
cnt:70806;
4880;
775;
11429;
cnt:70807;
848;
-795;
-883;
cnt:70808;
-4558;
-3138;
-14139;
cnt:70809;
448;
541;
740;
cnt:70810;
2550;
1905;
9547;
cnt:70811;
3844;
1689;
7725;
cnt:70812;
-1896;
-33;
-4806;
cnt:70813;
-7652;
-3264;
-14317;
cnt:70814;
356;
973;
1444;
cnt:70815;
4070;
1254;
9819;
cnt:70816;
4016;
-128;
7890;
cnt:70817;
-4428;
-2716;
-10295;
cnt:70818;
-2170;
-1560;
-6781;
cnt:70819;
2410;
1595;
7464;
cnt:70820;
5802;
2170;
11033;
cnt:70821;
-1484;
-240;
-5108;
cnt:70822;
-5898;
-5007;
-18426;
cnt:70823;
-1180;
1613;
4779;
cnt:70824;
2798;
2365;
14777;
cnt:70825;
930;
-509;
-12;
cnt:70826;
-3992;
-5424;
-18757;
cnt:70827;
2604;
4146;
12891;
cnt:70828;
3992;
1828;
9789;
cnt:70829;
-2630;
-2981;
-8241;
cnt:70830;
-2782;
-3632;
-9515;
cnt:70831;
3142;
3385;
14057;
cnt:70832;
-358;
599;
-2405;
cnt:70833;
-4744;
-4677;
-16734;
cnt:70834;
942;
3716;
13322;
cnt:70835;
-106;
637;
-686;
cnt:70836;
-186;
-1526;
-6070;
cnt:70837;
5384;
3005;
14377;
cnt:70838;
-2236;
-3856;
-9650;
cnt:70839;
92;
-1443;
-5033;
cnt:70840;
2578;
3379;
12308;
cnt:70841;
-2308;
-2472;
-8411;
cnt:70842;
-1136;
-1596;
-1279;
cnt:70843;
-2684;
-2019;
-1029;
cnt:70844;
-1242;
1437;
5733;
cnt:70845;
-1340;
2476;
4283;
cnt:70846;
-1070;
2219;
1888;
cnt:70847;
-682;
1879;
946;
cnt:70848;
-704;
1343;
155;
cnt:70849;
-1550;
1167;
-552;
cnt:70850;
-1124;
544;
700;
cnt:70851;
122;
587;
-90;
cnt:70852;
-1624;
539;
833;
cnt:70853;
412;
-317;
209;
cnt:70854;
-874;
10;
1060;
cnt:70855;
-890;
-139;
1253;
cnt:70856;
478;
1088;
-1462;
cnt:70857;
410;
70;
427;
cnt:70858;
-48;
-44;
-11;
cnt:70859;
-30;
-4;
-6;
cnt:70860;
-32;
-12;
-5;
cnt:70861;
-26;
10;
1;
cnt:70862;
-26;
14;
1;
cnt:70863;
-58;
-20;
-19;
cnt:70864;
-22;
2;
2;
cnt:70865;
-24;
14;
2;
cnt:70866;
-24;
13;
1;
cnt:70867;
-26;
1;
3;
cnt:70868;
-28;
-7;
-1;
cnt:70869;
-32;
1;
-2;
cnt:70870;
-26;
11;
1;
cnt:70871;
-26;
11;
3;
cnt:70872;
-26;
13;
3;
cnt:70873;
-46;
-5;
-9;
cnt:70874;
-4;
4;
13;
cnt:70875;
-24;
14;
1;
cnt:70876;
-24;
11;
2;
cnt:70877;
-24;
9;
2;
cnt:70878;
-26;
10;
1;
cnt:70879;
-28;
-6;
-1;
cnt:70880;
-24;
11;
1;
cnt:70881;
-28;
10;
0;
cnt:70882;
-40;
3;
-6;
cnt:70883;
-2;
1;
13;
cnt:70884;
-28;
15;
0;
cnt:70885;
-24;
13;
1;
cnt:70886;
-24;
11;
2;
cnt:70887;
-24;
11;
1;
cnt:70888;
-26;
12;
1;
cnt:70889;
-24;
13;
1;
cnt:70890;
-26;
14;
1;
cnt:70891;
-8;
3;
11;
cnt:70892;
-22;
13;
3;
cnt:70893;
-22;
14;
2;
cnt:70894;
-24;
13;
2;
cnt:70895;
-24;
12;
2;
cnt:70896;
-24;
12;
1;
cnt:70897;
-30;
-7;
-3;
cnt:70898;
-24;
13;
1;
cnt:70899;
-26;
14;
1;
cnt:70900;
-26;
13;
2;
cnt:70901;
-26;
14;
1;
cnt:70902;
-26;
13;
1;
cnt:70903;
-26;
13;
1;
cnt:70904;
-24;
13;
2;
cnt:70905;
-24;
13;
1;
cnt:70906;
-24;
14;
2;
cnt:70907;
-24;
14;
2;
cnt:70908;
-24;
14;
1;
cnt:70909;
-26;
13;
1;
cnt:70910;
-24;
14;
1;
cnt:70911;
-24;
14;
1;
cnt:70912;
-24;
13;
1;
cnt:70913;
-24;
13;
1;
cnt:70914;
-24;
14;
2;
cnt:70915;
-24;
13;
2;
cnt:70916;
-24;
14;
2;
cnt:70917;
-24;
14;
1;
cnt:70918;
-24;
14;
1;
cnt:70919;
-24;
14;
2;
cnt:70920;
-24;
14;
1;
cnt:70921;
-24;
14;
1;
cnt:70922;
-24;
14;
2;
cnt:70923;
-24;
14;
2;
cnt:70924;
-24;
13;
2;
cnt:70925;
-24;
14;
1;
cnt:70926;
-24;
14;
2;
cnt:70927;
-26;
14;
1;
cnt:70928;
-26;
14;
2;
cnt:70929;
-24;
14;
2;
cnt:70930;
-24;
14;
1;
cnt:70931;
-24;
14;
1;
cnt:70932;
-24;
14;
2;
cnt:70933;
-24;
13;
1;
cnt:70934;
-24;
14;
2;
cnt:70935;
-24;
13;
1;
cnt:70936;
-26;
14;
1;
cnt:70937;
-24;
14;
2;
cnt:70938;
-24;
14;
2;
cnt:70939;
-24;
13;
1;
cnt:70940;
-24;
12;
2;
cnt:70941;
-30;
-2;
-2;
cnt:70942;
-26;
14;
1;
cnt:70943;
-26;
14;
1;
cnt:70944;
-26;
14;
1;
cnt:70945;
-24;
15;
2;
cnt:70946;
-24;
14;
1;
cnt:70947;
-26;
14;
1;
cnt:70948;
-24;
14;
1;
cnt:70949;
-26;
14;
1;
cnt:70950;
-26;
14;
1;
cnt:70951;
-26;
14;
1;
cnt:70952;
-26;
14;
1;
cnt:70953;
-24;
14;
1;
cnt:70954;
-26;
14;
1;
cnt:70955;
-26;
14;
1;
cnt:70956;
-26;
14;
2;
cnt:70957;
-26;
14;
1;
cnt:70958;
-24;
14;
2;
cnt:70959;
-24;
14;
1;
cnt:70960;
-24;
13;
1;
cnt:70961;
-26;
14;
1;
cnt:70962;
-26;
14;
1;
cnt:70963;
-24;
14;
1;
cnt:70964;
-24;
13;
1;
cnt:70965;
-26;
14;
1;
cnt:70966;
-24;
14;
1;
cnt:70967;
-26;
14;
1;
cnt:70968;
-26;
14;
1;
cnt:70969;
-26;
14;
1;
cnt:70970;
-26;
14;
1;
cnt:70971;
-26;
13;
1;