cnt:1271;
-22;
14;
1;
cnt:1272;
-22;
14;
1;
cnt:1273;
-22;
14;
-1;
cnt:1274;
-22;
15;
1;
cnt:1275;
-22;
15;
1;
cnt:1276;
-24;
14;
2;
cnt:1277;
-22;
14;
1;
cnt:1278;
-22;
14;
2;
cnt:1279;
-22;
14;
2;
cnt:1280;
-266;
66;
51;
cnt:1281;
3066;
-1212;
2113;
cnt:1282;
1614;
-3730;
-2981;
cnt:1283;
-4930;
576;
2869;
cnt:1284;
4480;
2167;
1744;
cnt:1285;
3752;
-4181;
-1380;
cnt:1286;
-7734;
3;
1918;
cnt:1287;
5014;
2522;
1775;
cnt:1288;
1348;
-3496;
-481;
cnt:1289;
-4550;
1731;
2041;
cnt:1290;
5552;
1635;
1325;
cnt:1291;
-492;
-4372;
-1005;
cnt:1292;
-5660;
2481;
4226;
cnt:1293;
7110;
-818;
497;
cnt:1294;
-4754;
-2695;
-599;
cnt:1295;
1842;
2309;
2947;
cnt:1296;
1860;
-3959;
-995;
cnt:1297;
-5970;
1944;
2199;
cnt:1298;
6574;
-1209;
898;
cnt:1299;
-4710;
-1874;
-704;
cnt:1300;
1156;
2208;
2060;
cnt:1301;
-274;
-3225;
-1389;
cnt:1302;
-2640;
1082;
2604;
cnt:1303;
1446;
-1447;
-1112;
cnt:1304;
-114;
-115;
938;
cnt:1305;
1174;
-952;
570;
cnt:1306;
642;
-866;
-555;
cnt:1307;
-1320;
-207;
-1474;
cnt:1308;
-3240;
1848;
1014;
cnt:1309;
3788;
-111;
1012;
cnt:1310;
2588;
-2880;
-1569;
cnt:1311;
-4506;
-1898;
40;
cnt:1312;
616;
625;
3626;
cnt:1313;
3768;
-4367;
-3156;
cnt:1314;
-6682;
1452;
1787;
cnt:1315;
5714;
-3007;
2495;
cnt:1316;
-2610;
-2116;
-2047;
cnt:1317;
-5038;
1910;
2927;
cnt:1318;
7870;
-2484;
1538;
cnt:1319;
-4918;
-475;
-2655;
cnt:1320;
-5000;
-823;
3189;
cnt:1321;
4694;
-1957;
3377;
cnt:1322;
8562;
-2851;
-676;
cnt:1323;
-736;
-558;
-1480;
cnt:1324;
-10510;
-1032;
-2210;
cnt:1325;
-3816;
-62;
-369;
cnt:1326;
-1208;
-693;
3433;
cnt:1327;
10574;
-4916;
433;
cnt:1328;
2016;
1420;
-2813;
cnt:1329;
-3120;
1630;
-1236;
cnt:1330;
-1896;
-3912;
-625;
cnt:1331;
314;
-7575;
-471;
cnt:1332;
332;
-3924;
1727;
cnt:1333;
1344;
-404;
1506;
cnt:1334;
200;
-124;
-1247;
cnt:1335;
-24;
1570;
-1102;
cnt:1336;
2420;
7319;
564;
cnt:1337;
3498;
5056;
-1758;
cnt:1338;
596;
1332;
-2705;
cnt:1339;
556;
4;
-386;
cnt:1340;
-436;
-841;
-421;
cnt:1341;
-1532;
-3684;
-765;
cnt:1342;
-1870;
-7629;
-190;
cnt:1343;
-4092;
-9335;
2034;
cnt:1344;
1372;
-3852;
796;
cnt:1345;
-220;
-644;
2259;
cnt:1346;
-202;
-260;
-788;
cnt:1347;
304;
-75;
-449;
cnt:1348;
2128;
2712;
-647;
cnt:1349;
4812;
7291;
-1189;
cnt:1350;
5822;
8172;
-2810;
cnt:1351;
-480;
3142;
-305;
cnt:1352;
1526;
757;
-1953;
cnt:1353;
-560;
206;
299;
cnt:1354;
-772;
-2995;
-1027;
cnt:1355;
-1856;
-6976;
-736;
cnt:1356;
-1752;
-8967;
763;
cnt:1357;
-700;
-5263;
1112;
cnt:1358;
618;
-244;
1789;
cnt:1359;
220;
-731;
-575;
cnt:1360;
-232;
-295;
10;
cnt:1361;
-1916;
1345;
-514;
cnt:1362;
-2278;
5822;
3066;
cnt:1363;
3314;
9016;
8368;
cnt:1364;
7066;
2092;
772;
cnt:1365;
5906;
-2616;
4465;
cnt:1366;
1426;
-6848;
1454;
cnt:1367;
-3186;
-6726;
1248;
cnt:1368;
-6090;
-5937;
2015;
cnt:1369;
-2204;
5792;
10428;
cnt:1370;
10200;
3900;
468;
cnt:1371;
9150;
-1112;
115;
cnt:1372;
-2486;
-4887;
3139;
cnt:1373;
-5546;
-6433;
912;
cnt:1374;
-6124;
2239;
6276;
cnt:1375;
3950;
6759;
5794;
cnt:1376;
11144;
-833;
885;
cnt:1377;
-2676;
-6083;
1651;
cnt:1378;
-4314;
-8386;
2635;
cnt:1379;
-1924;
-5355;
1592;
cnt:1380;
-1494;
-1369;
-26;
cnt:1381;
1756;
10401;
1291;
cnt:1382;
4032;
14072;
3785;
cnt:1383;
-70;
7168;
-1751;
cnt:1384;
1238;
6429;
-191;
cnt:1385;
-712;
-5381;
3718;
cnt:1386;
-1356;
-11482;
7716;
cnt:1387;
-1992;
-8404;
-247;
cnt:1388;
-5108;
-8838;
2488;
cnt:1389;
-2384;
-3650;
13;
cnt:1390;
-4538;
8102;
5059;
cnt:1391;
-5948;
11503;
4261;
cnt:1392;
-656;
8433;
4742;
cnt:1393;
350;
4196;
3643;
cnt:1394;
598;
-3648;
4615;
cnt:1395;
-1260;
-7122;
6996;
cnt:1396;
404;
-9264;
2727;
cnt:1397;
-2172;
-8687;
4605;
cnt:1398;
-2266;
-3858;
3381;
cnt:1399;
-6630;
6598;
2088;
cnt:1400;
-7194;
12868;
7130;
cnt:1401;
1686;
8373;
5316;
cnt:1402;
2356;
3128;
1635;
cnt:1403;
702;
-6642;
4489;
cnt:1404;
-668;
-7369;
678;
cnt:1405;
-3456;
-7146;
2650;
cnt:1406;
-4048;
-4202;
2705;
cnt:1407;
-4048;
-4202;
2705;
cnt:1408;
-246;
246;
4708;
cnt:1409;
3708;
6174;
1718;
cnt:1410;
1478;
5880;
617;
cnt:1411;
-246;
1550;
-1976;
cnt:1412;
-3372;
1640;
908;
cnt:1413;
-1190;
1754;
45;
cnt:1414;
302;
870;
661;
cnt:1415;
114;
-419;
464;
cnt:1416;
100;
-251;
217;
cnt:1417;
-10;
-147;
-122;
cnt:1418;
-50;
17;
9;
cnt:1419;
10;
-55;
-21;
cnt:1420;
-18;
-22;
4;
cnt:1421;
-30;
-26;
-4;
cnt:1422;
-36;
-21;
-9;
cnt:1423;
-32;
3;
-4;
cnt:1424;
-26;
-20;
-2;
cnt:1425;
-28;
13;
-1;
cnt:1426;
-34;
10;
-5;
cnt:1427;
-26;
5;
-2;
cnt:1428;
-8;
-37;
12;
cnt:1429;
-32;
-20;
-2;
cnt:1430;
-26;
8;
1;
cnt:1431;
-24;
5;
2;
cnt:1432;
-26;
7;
0;
cnt:1433;
-28;
10;
-2;
cnt:1434;
-28;
14;
-2;
cnt:1435;
-26;
14;
0;
cnt:1436;
-28;
13;
-1;
cnt:1437;
-40;
-54;
34;
cnt:1438;
-16;
0;
6;
cnt:1439;
-22;
-20;
2;
cnt:1440;
-22;
13;
2;
cnt:1441;
-22;
10;
1;
cnt:1442;
-18;
3;
4;
cnt:1443;
-22;
12;
1;
cnt:1444;
-22;
13;
2;
cnt:1445;
-22;
13;
1;
cnt:1446;
-22;
13;
2;
cnt:1447;
-22;
13;
1;
cnt:1448;
-22;
14;
1;
cnt:1449;
-22;
13;
1;
cnt:1450;
-22;
14;
2;
cnt:1451;
-20;
-17;
3;
cnt:1452;
-38;
-47;
4;
cnt:1453;
-24;
15;
-1;
cnt:1454;
-24;
16;
0;
cnt:1455;
-22;
13;
1;
cnt:1456;
-22;
13;
1;
cnt:1457;
-24;
14;
1;
cnt:1458;
-24;
14;
2;
cnt:1459;
-24;
14;
1;
cnt:1460;
-24;
14;
1;
cnt:1461;
-22;
14;
1;
cnt:1462;
-22;
12;
1;
cnt:1463;
-24;
11;
2;
cnt:1464;
-22;
-12;
1;
cnt:1465;
-24;
-16;
6;
cnt:1466;
-24;
13;
2;
cnt:1467;
-22;
14;
1;
cnt:1468;
-24;
15;
1;
cnt:1469;
-24;
14;
2;
cnt:1470;
-22;
14;
2;
cnt:1471;
-22;
14;
1;
cnt:1472;
-22;
14;
2;
cnt:1473;
-24;
13;
1;
cnt:1474;
-22;
14;
1;
cnt:1475;
-22;
14;
2;
cnt:1476;
-20;
-48;
7;
cnt:1477;
-24;
15;
1;
cnt:1478;
-24;
15;
2;
cnt:1479;
-22;
13;
1;
cnt:1480;
-22;
14;
2;
cnt:1481;
-22;
13;
2;
cnt:1482;
-22;
14;
1;
cnt:1483;
-22;
14;
2;
cnt:1484;
-22;
13;
2;
cnt:1485;
-22;
13;
1;
cnt:1486;
-22;
14;
2;
cnt:1487;
-22;
14;
2;
cnt:1488;
-22;
14;
1;
cnt:1489;
-22;
13;
2;
cnt:1490;
-22;
14;
2;
cnt:1491;
-22;
14;
1;
cnt:1492;
-22;
14;
1;
cnt:1493;
-22;
14;
2;
cnt:1494;
-22;
14;
1;
cnt:1495;
-22;
14;
1;
cnt:1496;
-22;
13;
1;
cnt:1497;
-22;
13;
1;
cnt:1498;
-22;
14;
2;
cnt:1499;
-24;
14;
2;
cnt:1500;
-22;
14;
1;
cnt:1501;
-22;
14;
2;
cnt:1502;
-24;
-16;
0;
cnt:1503;
-22;
4;
1;
cnt:1504;
-22;
14;
0;
cnt:1505;
-22;
14;
2;
cnt:1506;
-22;
14;
2;
cnt:1507;
-22;
14;
1;
cnt:1508;
-22;
13;
2;
cnt:1509;
-22;
14;
2;
cnt:1510;
-22;
14;
2;
cnt:1511;
-22;
14;
2;
cnt:1512;
-22;
13;
1;
cnt:1513;
-22;
14;
1;
cnt:1514;
-22;
14;
2;
cnt:1515;
-22;
14;
2;
cnt:1516;
-22;
14;
2;
cnt:1517;
-22;
13;
1;
cnt:1518;
-22;
14;
1;
cnt:1519;
-22;
14;
1;
cnt:1520;
-22;
14;
1;
cnt:1521;
-22;
13;
2;
cnt:1522;
-22;
13;
2;
cnt:1523;
-22;
14;
2;