cnt:42194;
-24;
14;
2;
cnt:42195;
-24;
14;
2;
cnt:42196;
-24;
14;
1;
cnt:42197;
-24;
14;
2;
cnt:42198;
-24;
14;
2;
cnt:42199;
-24;
14;
1;
cnt:42200;
-24;
14;
2;
cnt:42201;
-24;
14;
2;
cnt:42202;
-24;
14;
2;
cnt:42203;
-22;
15;
-1;
cnt:42204;
-22;
15;
1;
cnt:42205;
-24;
14;
2;
cnt:42206;
-24;
14;
2;
cnt:42207;
-24;
14;
2;
cnt:42208;
-24;
14;
1;
cnt:42209;
-24;
14;
2;
cnt:42210;
-24;
14;
2;
cnt:42211;
-24;
14;
2;
cnt:42212;
-24;
14;
2;
cnt:42213;
-24;
14;
2;
cnt:42214;
-24;
15;
2;
cnt:42215;
-24;
14;
2;
cnt:42216;
-24;
14;
2;
cnt:42217;
-24;
14;
1;
cnt:42218;
-24;
14;
2;
cnt:42219;
-24;
14;
2;
cnt:42220;
-28;
3;
-2;
cnt:42221;
-12;
50;
8;
cnt:42222;
-654;
234;
372;
cnt:42223;
530;
-593;
-362;
cnt:42224;
950;
-1987;
-13;
cnt:42225;
1292;
-2730;
-641;
cnt:42226;
0;
-4136;
-1243;
cnt:42227;
-668;
-4332;
-1121;
cnt:42228;
-1612;
-4188;
-1220;
cnt:42229;
-2244;
-3326;
-600;
cnt:42230;
-1924;
-2319;
-1245;
cnt:42231;
-1976;
-1857;
-1221;
cnt:42232;
-1838;
-1637;
-1754;
cnt:42233;
-704;
-1186;
-883;
cnt:42234;
848;
442;
189;
cnt:42235;
2968;
2968;
1386;
cnt:42236;
3256;
4389;
1928;
cnt:42237;
2482;
5095;
2161;
cnt:42238;
2608;
4128;
661;
cnt:42239;
1120;
3478;
150;
cnt:42240;
-722;
3593;
1019;
cnt:42241;
-814;
2930;
179;
cnt:42242;
-884;
1835;
-72;
cnt:42243;
-330;
607;
-713;
cnt:42244;
-384;
114;
-398;
cnt:42245;
-448;
-456;
-199;
cnt:42246;
-136;
380;
-279;
cnt:42247;
-24;
-5;
-29;
cnt:42248;
-34;
14;
-9;
cnt:42249;
-28;
12;
-9;
cnt:42250;
-36;
10;
2;
cnt:42251;
-24;
12;
-9;
cnt:42252;
-52;
15;
16;
cnt:42253;
-32;
13;
20;
cnt:42254;
-26;
12;
0;
cnt:42255;
-30;
11;
7;
cnt:42256;
-28;
11;
4;
cnt:42257;
-28;
12;
8;
cnt:42258;
-26;
14;
8;
cnt:42259;
-26;
13;
5;
cnt:42260;
-30;
11;
12;
cnt:42261;
-24;
14;
2;
cnt:42262;
-30;
11;
10;
cnt:42263;
-30;
11;
9;
cnt:42264;
-26;
12;
9;
cnt:42265;
-26;
13;
1;
cnt:42266;
-84;
14;
67;
cnt:42267;
-20;
13;
-15;
cnt:42268;
-24;
16;
7;
cnt:42269;
-24;
15;
3;
cnt:42270;
-24;
14;
4;
cnt:42271;
-24;
15;
2;
cnt:42272;
-24;
14;
3;
cnt:42273;
-26;
13;
3;
cnt:42274;
-26;
15;
7;
cnt:42275;
-28;
18;
9;
cnt:42276;
-24;
14;
2;
cnt:42277;
-24;
15;
3;
cnt:42278;
-24;
14;
5;
cnt:42279;
-26;
13;
5;
cnt:42280;
-24;
14;
5;
cnt:42281;
-24;
14;
3;
cnt:42282;
-24;
14;
2;
cnt:42283;
-24;
14;
5;
cnt:42284;
-24;
14;
1;
cnt:42285;
-24;
13;
4;
cnt:42286;
-24;
14;
4;
cnt:42287;
-32;
12;
15;
cnt:42288;
-22;
11;
-3;
cnt:42289;
-24;
15;
5;
cnt:42290;
-24;
14;
2;
cnt:42291;
-24;
13;
3;
cnt:42292;
-24;
14;
3;
cnt:42293;
-24;
15;
2;
cnt:42294;
-24;
14;
2;
cnt:42295;
-24;
14;
2;
cnt:42296;
-24;
15;
4;
cnt:42297;
-24;
14;
2;
cnt:42298;
-24;
15;
4;
cnt:42299;
-24;
14;
0;
cnt:42300;
-24;
14;
2;
cnt:42301;
-24;
14;
2;
cnt:42302;
-24;
14;
5;
cnt:42303;
-24;
15;
4;
cnt:42304;
-24;
14;
2;
cnt:42305;
-24;
15;
2;
cnt:42306;
-24;
14;
2;
cnt:42307;
-24;
14;
1;
cnt:42308;
-22;
14;
2;
cnt:42309;
-24;
14;
1;
cnt:42310;
-24;
14;
1;
cnt:42311;
-24;
14;
2;
cnt:42312;
-24;
14;
2;
cnt:42313;
-24;
14;
2;
cnt:42314;
-24;
14;
2;
cnt:42315;
-24;
14;
2;
cnt:42316;
-24;
14;
2;
cnt:42317;
-24;
13;
2;
cnt:42318;
-24;
14;
2;
cnt:42319;
-24;
14;
2;
cnt:42320;
-24;
14;
2;